%{
% New Salto 4/4/17
intial = [0.0, -76.97625732421875, -103.86262512207031, -100.2130126953125, 0.0, 0.0, 92.48635864257812, 83.75398254394531]
angles = [1706.6875, 1736.3690217391304, 1766.0505434782608, 1795.7320652173912, 1825.4135869565216, 1855.095108695652, 1884.7766304347824, 1914.4581521739128, 1944.1396739130432, 1973.8211956521739, 2003.5027173913043, 2033.1842391304347, 2062.8657608695653, 2092.5472826086952, 2122.228804347826, 2151.9103260869565, 2181.591847826087, 2211.273369565217, 2240.9548913043477, 2270.636413043478, 2300.3179347826085, 2329.999456521739, 2359.6809782608693, 2389.3624999999997]
speeds = [72.18345642089844, 86.40585327148438, 87.02494812011719, 86.76571655273438, 89.56594848632812, 89.22526550292969, 87.99420166015625, 90.07989501953125, 90.852783203125, 86.78326416015625, 88.03741455078125, 86.20997619628906, 86.57341003417969, 88.88883972167969, 85.11129760742188, 83.17082214355469, 85.86592102050781, 87.39704895019531, 87.50749206542969, 86.74920654296875, 87.79411315917969, 85.16329956054688, 85.19273376464844, 82.39785766601562]
%}
%{
% New Salto 4/4/17
initial = [0.0, 0.0, -85.08242797851562, -78.54354858398438, 0.0, 0.0, 79.73983764648438, 83.79031372070312]
angles = [2048.0249999999996, 2077.7065217391305, 2107.388043478261, 2137.0695652173913, 2166.7510869565217, 2196.432608695652, 2226.1141304347825, 2255.795652173913, 2285.4771739130433, 2315.1586956521737, 2344.840217391304, 2374.5217391304345, 2404.203260869565, 2433.8847826086953, 2463.5663043478257, 2493.2478260869566, 2522.929347826087, 2552.610869565217, 2582.292391304348, 2611.973913043478, 2641.6554347826086, 2671.336956521739, 2701.0184782608694, 2730.7]
speeds = [92.96218872070312, 89.9931640625, 90.99333190917969, 91.268310546875, 84.74838256835938, 86.33770751953125, 85.84033203125, 84.82231140136719, 84.66049194335938, 84.18791198730469, 86.9683837890625, 84.63059997558594, 81.51631164550781, 79.91142272949219, 74.878173828125, 67.73989868164062, 65.82048034667969, 0.0, 0.0, 0.0, 0.0, 0.0, 0.0, 0.0]
%}
%{
% New Salto 4/4/17
initial = [0.0, -123.60691833496094, -121.01502990722656, -136.7269744873047, -22.862258911132812, 182.63388061523438, 123.19021606445312, 140.4814453125]
angles = [1365.35, 1395.0315217391305, 1424.7130434782607, 1454.3945652173913, 1484.0760869565215, 1513.7576086956522, 1543.4391304347823, 1573.120652173913, 1602.8021739130431, 1632.4836956521738, 1662.1652173913044, 1691.8467391304346, 1721.5282608695652, 1751.2097826086954, 1780.891304347826, 1810.5728260869566, 1840.2543478260868, 1869.935869565217, 1899.6173913043476, 1929.2989130434783, 1958.9804347826084, 1988.661956521739, 2018.3434782608692, 2048.0249999999996]
speeds = [-140.1286163330078, 0.4819183349609375, 0.50579833984375, 0.0972747802734375, 0.2557220458984375, 1.3331298828125, 1.4406280517578125, 168.1495361328125, 167.98626708984375, 168.25498962402344, 164.21385192871094, 159.0505828857422, 155.85186767578125, 156.30628967285156, 152.41171264648438, 152.17442321777344, 150.65896606445312, 145.34259033203125, 144.5753173828125, 138.59927368164062, 138.1330108642578, 137.45635986328125, 137.32232666015625, 137.29428100585938]
%}
%{
% New Salto 4/4/17
initial = [0.0, 0.0, -22.438186645507812, 0.0, 0.0, 0.0, 44.382904052734375, 0.0]
angles = [1706.6875, 1736.3690217391304, 1766.0505434782608, 1795.7320652173912, 1825.4135869565216, 1855.095108695652, 1884.7766304347824, 1914.4581521739128, 1944.1396739130432, 1973.8211956521739, 2003.5027173913043, 2033.1842391304347, 2062.8657608695653, 2092.5472826086952, 2122.228804347826, 2151.9103260869565, 2181.591847826087, 2211.273369565217, 2240.9548913043477, 2270.636413043478, 2300.3179347826085, 2329.999456521739, 2359.6809782608693, 2389.3624999999997]
speeds = [0.0, 0.0, 0.0, -0.1486358642578125, 0.0, 0.0, 0.0, 0.0, 31.249664306640625, 0.0, 29.8626708984375, 33.136749267578125, 34.586456298828125, 35.541412353515625, 35.01264953613281, 32.415802001953125, 34.383636474609375, 29.889419555664062, 28.33447265625, 24.294387817382812, 25.096145629882812, 23.049652099609375, 0.0110931396484375, 0.0]
%2093
%}
%{
% New Salto 4/4/17
initial = [0.0, 0.0, -29.3466796875, 0.0, 0.0, 0.0, 46.19441223144531, 34.329254150390625]
angles = [1706.6875, 1736.3690217391304, 1766.0505434782608, 1795.7320652173912, 1825.4135869565216, 1855.095108695652, 1884.7766304347824, 1914.4581521739128, 1944.1396739130432, 1973.8211956521739, 2003.5027173913043, 2033.1842391304347, 2062.8657608695653, 2092.5472826086952, 2122.228804347826, 2151.9103260869565, 2181.591847826087, 2211.273369565217, 2240.9548913043477, 2270.636413043478, 2300.3179347826085, 2329.999456521739, 2359.6809782608693, 2389.3624999999997]
speeds = [0.0, 0.0, 0.0, 0.0, 31.208648681640625, 31.02838134765625, 36.52073669433594, 41.23211669921875, 44.27655029296875, 49.25958251953125, 53.49656677246094, 57.83595275878906, 56.97886657714844, 58.81794738769531, 57.127410888671875, 51.64202880859375, 48.62841796875, 46.587493896484375, 46.206451416015625, 46.369232177734375, 42.81756591796875, 38.85636901855469, 32.803009033203125, 31.022796630859375]
%2093
%}
%{
% New Salto 4/6/17
initial = [53.894073486328125, 0.0, 0.0, 0.0, 0.0, -48.60723876953125, 0.0, 0.0]
angles = [2389.3624999999997, 2419.0440217391306, 2448.7255434782605, 2478.4070652173914, 2508.0885869565213, 2537.770108695652, 2567.451630434782, 2597.133152173913, 2626.814673913043, 2656.496195652174, 2686.177717391304, 2715.8592391304346, 2745.540760869565, 2775.2222826086954, 2804.903804347826, 2834.5853260869567, 2864.2668478260866, 2893.948369565217, 2923.6298913043474, 2953.3114130434783, 2982.9929347826087, 3012.6744565217386, 3042.355978260869, 3072.0375]
speeds = [0.0, 0.0, 0.0, 0.0, 0.0, 0.0, 0.0, 0.0, 0.0, 83.35585021972656, 60.18695068359375, 75.03581237792969, 71.92204284667969, 70.8975830078125, 60.28492736816406, 61.65165710449219, 64.35359191894531, 54.08067321777344, 47.096771240234375, 49.48492431640625, 44.541900634765625, 48.28045654296875, 39.40348815917969, 32.75370788574219]
%}
%{
% New Salto 4/6/17
initial = [43.47816467285156, 43.18670654296875, 0.0, 0.0, -18.065017700195312, -14.6170654296875, 0.0, 0.0]
angles = [2389.3624999999997, 2419.0440217391306, 2448.7255434782605, 2478.4070652173914, 2508.0885869565213, 2537.770108695652, 2567.451630434782, 2597.133152173913, 2626.814673913043, 2656.496195652174, 2686.177717391304, 2715.8592391304346, 2745.540760869565, 2775.2222826086954, 2804.903804347826, 2834.5853260869567, 2864.2668478260866, 2893.948369565217, 2923.6298913043474, 2953.3114130434783, 2982.9929347826087, 3012.6744565217386, 3042.355978260869, 3072.0375]
speeds = [0.0, 0.0, 0.0, 0.0, 0.0, 0.0, 0.0, 17.215988159179688, 27.325897216796875, 25.433929443359375, 32.45652770996094, 36.28761291503906, 39.197540283203125, 34.95191955566406, 34.2171630859375, 29.807113647460938, 31.813064575195312, 30.95159912109375, 31.07403564453125, 31.665847778320312, 27.338180541992188, 30.438629150390625, 26.751358032226562, 22.835357666015625]
%}
%{
% New Salto 4/6/17
initial = [0.0, 1.6356353759765625, 0.0, 0.0, -17.25030517578125, -18.853515625, 0.0, 0.0]
angles = [0.0, 29.68152173913043, 59.36304347826086, 89.0445652173913, 118.72608695652173, 148.40760869565216, 178.0891304347826, 207.77065217391305, 237.45217391304345, 267.13369565217386, 296.8152173913043, 326.4967391304348, 356.1782608695652, 385.8597826086956, 415.5413043478261, 445.2228260869565, 474.9043478260869, 504.5858695652173, 534.2673913043477, 563.9489130434782, 593.6304347826086, 623.311956521739, 652.9934782608696, 682.675]
speeds = [1.44183349609375, 5.80419921875, 23.260543823242188, 5.075286865234375, 5.78765869140625, 6.69873046875, 15.718887329101562, 6.358489990234375, 7.4861907958984375, 8.683197021484375, 16.661529541015625, 1.7981414794921875, 1.96954345703125, 0.4851837158203125, 0.10369873046875, 0.47772216796875, 0.4288330078125, 0.0, 0.0, 0.0, 0.0, 0.0, 0.0, 0.0]
%}
%{
% New Salto 4/6/17
